Weight distribution
1 0 4 9 17 18 9 0 0 0 
000000000
010001000
000000011
000100100
001010000
000001110
010010001
011000010
100000101
100010010
101001000
110100000
000111000
001100001
001110010
010011010
010100011
010110100
011000101
000010111
011101000
100011100
100101010
100110001
101000011
101100100
110000110
110001001
000101101
111010000
001011001
001101011
001110101
010001111
010111001
011010011
011011100
011100110
100011011
100100111
101001101
101010110
101111000
110010101
110101100
110110010
111001010
111100001
000111110
010110111
011111010
100111101
101101110
110011110
110101011
111000111
111110100
001011111
