Weight distribution
1 0 4 9 17 18 2 0 0 0 
000000000
010000100
000000011
000101000
001010000
000001101
010110000
011000010
000010110
100010001
100100010
101000100
110001000
001100001
001110010
010010011
010011100
010101010
011001001
011100100
100011010
100110100
101000011
101101000
000100111
110000110
110100001
111010000
000111001
001001110
001010101
001101101
010001111
010110101
011010110
011100011
011111000
100010111
100101011
101011100
101100110
101110001
110011001
110101100
110110010
111000101
111001010
000111110
001011011
110011110
111101001
