Weight distribution
1 0 4 9 17 18 6 0 0 0 
000000000
100000100
000000011
000101000
001010000
000001101
010000110
010010001
011001000
100011000
101000010
110100000
000110010
001100001
001111000
010011010
010101001
010110100
011000101
011100010
100010110
100101010
100110001
101001001
101100100
110000011
000100111
110001100
111010000
001001110
001010011
001101011
001110101
010001111
010110011
011010110
011011001
011101100
100011011
100101101
101000111
101011100
101110010
110010101
110100110
110111000
111001010
111100001
000111110
010111101
101101110
110011110
110101011
111001101
111010011
