Weight distribution
1 0 4 9 17 18 1 0 0 0 
000000000
010000001
100000010
000101000
001010000
010001010
000010011
011100000
000011100
100110000
101001000
000100110
110000100
001000101
001101100
001110001
010001101
010100011
010110100
011000110
011011000
100001110
100011001
100100101
101010100
101100010
110010010
110101000
111000001
000111010
001001011
001110110
010011110
010111001
011010011
011100101
011101010
100110011
100111100
101000111
101011010
101101001
110001011
110010101
110100110
111001100
000101111
111110000
001011101
111100011
