Weight distribution
1 0 4 9 17 18 4 0 0 0 
000000000
010000001
100001000
000100100
001010000
000001011
010000110
011001000
100000101
000011100
101000010
110100000
000110010
001100001
001100110
010100101
010101010
011000011
000010111
011110000
100001110
100100011
100110100
101010001
101101000
110001001
110010010
111000100
000111001
001001101
001011010
001101011
001110101
010001111
010110011
011010110
011011001
011101100
100011011
100101101
101000111
101011100
101110010
110010101
110100110
110111000
111001010
111100001
000111110
100110111
101101110
110011110
111010011
