Weight distribution
1 0 4 9 17 18 12 0 0 0 
000000000
110000000
000101000
000000110
001010000
000001011
010010001
010100100
011000010
000011100
100100001
101001000
000110010
001000101
001110100
010001101
010010110
010101010
011011000
011100001
100010101
100011010
100101100
101100010
110000011
000100111
110110000
111000100
000111001
001001110
001010011
001101011
010011011
010110101
011000111
011101100
011110010
100001111
100110011
101010110
101100101
101111000
110011100
110100110
110101001
111001010
111010001
000111110
001011101
001110111
010101111
011011110
011111001
100111101
101011011
101101110
110010111
110111010
111001101
111100011
111110100
