Weight distribution
1 0 4 9 17 18 8 0 0 0 
000000000
100000100
000000011
000101000
001010000
010001010
010010001
011000100
100001001
000011100
101000010
110100000
000110010
001100001
001110100
010010110
010100101
010111000
011001001
011100010
100011010
100100110
100110001
101000101
101101000
110000011
110001100
000101011
111010000
001001110
001010011
001101101
001111010
010011011
010101110
011000111
011011100
011110001
100001111
100111100
101010110
101011001
101100011
110010101
110101001
110110010
111001010
111100100
000110111
010111101
100111011
101101110
110011110
111001101
111010011
111111000
001011111
