Weight distribution
1 0 4 9 17 18 5 0 0 0 
000000000
100000100
000000011
000101000
001010000
010000101
010010010
011001000
100010001
000011100
101000010
000100110
110100000
001100001
001110010
010101010
010110001
011000011
011100100
000010111
100011010
100100011
100110100
101000101
101101000
110000110
110001001
000101101
111010000
001001110
001011001
001101011
001110101
010011011
010100111
011001101
011010110
011111000
100001111
100111001
101010011
101011100
101100110
110010101
110101100
110110010
111001010
111100001
000111110
010111101
100110111
110011110
110101011
111000111
