Weight distribution
1 0 4 9 17 15 0 0 0 0 
000000000
000010010
100000001
000101000
001000100
010001001
010110000
011000010
100001010
000011100
101010000
000100110
110000100
001100001
010001110
010010101
010100011
011011000
011100100
100000111
100011001
100110100
101001100
101100010
110010010
110101000
111000001
000101101
000111010
001001011
001010110
001100111
010111001
011001101
011010011
011101010
100101110
100110011
000011111
101010101
101011010
101101001
110001011
110011100
110100101
111110000
