Weight distribution
1 0 5 9 22 35 24 7 5 0 1 
0000000000
0000001100
0011000000
0000000011
0000110000
1100000000
0010100010
0100000110
0101001000
0110010000
0000101001
1000001010
1001100000
1010000001
0001010100
0001110010
0010010110
0010011001
0010101100
0011001010
0011100001
0100001101
0100011010
0101010001
0110000011
0111000100
0000110101
1000010011
1000100110
1000111000
1001001001
0001000111
1011010000
1100010100
1100100001
1101000010
1110001000
0001101110
0001111001
0010100111
0010111010
0011001101
0011010011
0011110100
0100110011
0000011111
0100111100
0101001011
0101010110
0101100101
0110001110
0110010101
0110101001
0111011000
0111100010
1000101101
1001010101
1001011010
1001100011
1010001011
1010011100
1010110001
1011000110
1011101000
1100000111
1100011001
1100101010
1101001100
1101110000
1110010010
1110100100
1111000001
0010111101
0011011110
0011101011
0100101111
0101011101
0110011011
0110110110
0111000111
0111101100
0111110001
1000110111
1001001111
1001111100
1010101110
1011100101
1100011110
1101010011
1101100110
1101101001
1110001101
1110100011
1110111000
1111001010
1111010100
0011110111
0101111110
1010011111
1011111010
1100111011
1101110101
1111011001
1111110011
1111111100
0110111111
1001111111
1111001111
1111111111
