Weight distribution
1 0 5 10 22 33 22 11 5 0 1 
0000000000
0000001100
0011000000
0000000011
0000110000
1100000000
0001100100
0010000110
0010010001
0010101000
0100010010
0100100001
1000000101
1000100010
1001010000
0001001010
0001110001
0010001011
0010110010
0011001100
0100001110
0000011101
0100110100
0101000011
0101011000
0110000101
0000100111
0111100000
1000011010
1000101100
1001001001
1010010100
1010100001
1011000010
1100010001
1101000100
0001010110
1110001000
0001111100
0010011110
0010110101
0011000111
0011101001
0100010111
0100111010
0101001101
0101100110
0110011001
0110100011
0110101100
0111001010
0111010100
1000110110
1000111001
1001001110
1001010101
1001100011
1010001101
1010010011
1010101010
1011011000
1011100100
1100001011
1100011100
1100100101
1101010010
1101101000
1110000110
0001011011
1110110000
1111000001
0001101111
0011011101
0011110110
0101011110
0101111001
0110001111
0111010011
1000011111
1001111010
1010100111
1010111100
1011001011
1011110001
1100101110
1100110011
1101000111
1101110100
1110010101
1110011010
1110101001
1111001100
1111100010
0101110111
0110111101
0111111010
1001111101
1010111011
1011010111
1011101110
1101101011
1110110110
1111011001
1111100101
1111110011
1111111100
0011111111
1100111111
1111001111
1111111111
